1000
74
12
65
26
67
6
66
10
58
65
59
16
87
3
27
97
33
27
7
25
2
81
35
88
62
64
12
50
52
56
67
31
68
32
57
34
37
22
43
95
87
2
11
73
4
37
70
37
64
76
62
65
57
96
52
18
59
63
67
11
19
34
42
86
65
98
19
2
20
62
96
6
63
7
79
67
43
48
3
6
24
65
70
80
60
22
97
19
85
64
30
3
97
72
88
62
70
7
64
89
96
83
28
68
81
36
88
81
49
31
45
31
54
69
35
73
12
23
55
84
13
34
27
92
74
39
76
78
40
28
40
35
11
68
3
91
3
91
72
51
21
17
82
74
85
17
47
97
39
1
80
52
34
7
43
8
46
19
85
85
46
25
20
57
92
23
47
94
13
19
45
34
35
27
8
20
43
54
16
81
54
96
33
88
2
75
95
47
93
79
32
39
3
52
95
95
75
42
89
87
61
33
21
95
60
28
14
2
82
30
82
36
26
15
23
27
90
18
74
83
96
6
21
99
58
16
94
32
58
82
19
18
15
39
13
74
67
27
75
49
56
57
84
81
72
6
8
61
23
82
43
19
87
64
18
44
79
11
76
37
93
94
55
7
33
67
81
100
93
55
48
49
12
31
30
83
37
37
43
59
18
86
78
5
49
95
49
27
6
24
64
98
18
18
4
51
84
84
50
77
39
98
25
51
28
54
33
64
90
76
23
8
61
100
13
9
95
61
36
100
85
99
97
2
16
1
52
100
85
2
76
23
99
1
73
26
54
6
90
44
82
13
52
42
13
64
51
7
24
86
7
8
85
4
10
1
4
61
100
88
63
76
11
61
76
84
87
29
90
77
73
71
89
24
12
1
87
63
7
11
48
14
19
33
17
28
33
20
89
33
8
51
9
19
11
84
3
98
13
92
74
85
62
62
9
74
62
96
36
69
6
84
82
24
16
99
52
49
19
40
81
26
90
89
45
1
73
47
98
86
38
72
71
99
33
79
73
95
74
8
64
80
91
46
4
6
44
55
54
62
94
35
88
84
24
32
84
97
78
82
82
16
53
52
15
86
30
87
80
4
94
44
84
85
89
87
91
32
41
44
93
35
79
81
18
3
12
2
99
90
83
80
6
36
31
20
21
61
7
1
98
38
11
77
43
47
70
68
33
70
11
81
55
43
15
29
6
90
48
63
99
45
99
26
44
47
54
41
85
65
18
28
11
25
91
78
93
60
45
26
29
56
6
83
98
20
12
4
9
59
67
8
4
65
33
47
12
87
88
97
51
6
24
62
31
15
40
24
74
85
49
3
40
54
86
38
74
97
42
82
56
8
89
59
73
22
6
85
8
94
82
59
100
5
21
30
20
60
54
93
45
2
95
85
56
80
23
29
77
65
11
33
73
100
91
45
21
97
30
29
91
11
87
90
16
8
20
35
68
73
28
12
75
23
97
30
3
19
59
79
83
70
11
55
69
2
100
90
99
30
18
89
40
5
79
56
12
98
90
79
70
18
91
45
40
87
74
42
5
33
21
88
2
31
42
70
33
42
59
31
71
77
19
11
81
97
66
93
95
55
71
65
73
62
9
12
48
82
53
52
14
73
40
15
4
81
85
36
23
44
67
93
20
86
3
1
82
69
94
77
24
65
41
96
26
49
7
73
31
60
25
45
32
64
60
36
45
44
72
67
88
38
60
7
23
63
8
5
31
1
81
54
65
22
49
91
71
55
63
1
14
87
46
46
51
5
81
95
49
53
61
36
90
21
43
13
83
51
17
13
52
98
67
17
20
15
7
90
70
70
91
83
56
36
29
7
41
10
1
90
62
62
26
52
82
69
64
65
20
81
78
71
78
44
87
97
58
94
87
28
63
77
11
19
13
39
25
53
49
25
43
10
87
69
62
69
37
25
33
56
5
11
27
83
54
13
80
12
6
66
39
69
42
49
87
55
88
11
8
36
36
50
46
23
18
7
91
55
31
24
10
36
34
36
19
88
49
98
99
55
64
38
23
6
87
9
60
74
20
67
10
55
16
55
77
34
62
68
88
93
91
98
28
25
34
47
13
82
44
11
37
7
49
59
12
35
68
71
9
87
38
19
41
54
73
18
87
34
85
75
26
76
72
54
100
6
100
12
87
44
23
23
51
72
82
62
7
49
33
16
35
71
34
76
24
6
93
11
40
78
85
66
53
57
20
53
62
20
65
49
63
88
72
14
59
54
75
66
2
8
81
37
78
14
12
2
20
5
12
60
82
97
26
35
53
45
88
15
65
52

