500
74
12
65
26
67
6
66
10
58
65
59
16
87
3
27
97
33
27
7
25
2
81
35
88
62
64
12
50
52
56
67
31
68
32
57
34
37
22
43
95
87
2
11
73
4
37
70
37
64
76
62
65
57
96
52
18
59
63
67
11
19
34
42
86
65
98
19
2
20
62
96
6
63
7
79
67
43
48
3
6
24
65
70
80
60
22
97
19
85
64
30
3
97
72
88
62
70
7
64
89
96
83
28
68
81
36
88
81
49
31
45
31
54
69
35
73
12
23
55
84
13
34
27
92
74
39
76
78
40
28
40
35
11
68
3
91
3
91
72
51
21
17
82
74
85
17
47
97
39
1
80
52
34
7
43
8
46
19
85
85
46
25
20
57
92
23
47
94
13
19
45
34
35
27
8
20
43
54
16
81
54
96
33
88
2
75
95
47
93
79
32
39
3
52
95
95
75
42
89
87
61
33
21
95
60
28
14
2
82
30
82
36
26
15
23
27
90
18
74
83
96
6
21
99
58
16
94
32
58
82
19
18
15
39
13
74
67
27
75
49
56
57
84
81
72
6
8
61
23
82
43
19
87
64
18
44
79
11
76
37
93
94
55
7
33
67
81
100
93
55
48
49
12
31
30
83
37
37
43
59
18
86
78
5
49
95
49
27
6
24
64
98
18
18
4
51
84
84
50
77
39
98
25
51
28
54
33
64
90
76
23
8
61
100
13
9
95
61
36
100
85
99
97
2
16
1
52
100
85
2
76
23
99
1
73
26
54
6
90
44
82
13
52
42
13
64
51
7
24
86
7
8
85
4
10
1
4
61
100
88
63
76
11
61
76
84
87
29
90
77
73
71
89
24
12
1
87
63
7
11
48
14
19
33
17
28
33
20
89
33
8
51
9
19
11
84
3
98
13
92
74
85
62
62
9
74
62
96
36
69
6
84
82
24
16
99
52
49
19
40
81
26
90
89
45
1
73
47
98
86
38
72
71
99
33
79
73
95
74
8
64
80
91
46
4
6
44
55
54
62
94
35
88
84
24
32
84
97
78
82
82
16
53
52
15
86
30
87
80
4
94
44
84
85
89
87
91
32
41
44
93
35
79
81
18
3
12
2
99
90
83
80
6
36
31
20
21
61
7
1

