5000
74
27
30
49
10
50
80
43
82
91
78
28
78
74
47
43
79
29
60
45
59
70
32
39
33
32
12
35
47
88
97
19
66
6
83
17
66
31
11
88
80
87
73
61
4
37
70
37
64
76
62
65
57
96
52
18
59
63
67
11
19
34
42
86
65
98
19
2
20
62
96
6
63
7
79
67
43
48
3
6
24
65
70
80
60
22
97
19
85
64
30
3
97
72
31
88
80
30
60
54
49
36
77
26
62
37
50
12
81
2
15
77
62
73
78
9
64
52
60
48
95
23
50
76
85
39
76
78
40
28
40
35
11
68
3
91
3
91
72
51
21
17
82
74
85
17
47
97
39
1
80
52
34
7
43
8
46
19
85
85
46
25
20
57
92
23
47
94
13
19
45
34
35
27
8
20
43
54
16
81
54
96
33
88
2
75
95
47
93
79
32
39
3
52
95
95
75
42
89
87
61
33
21
95
60
28
14
2
82
30
82
36
26
15
23
27
90
18
74
83
96
6
21
99
58
16
94
32
58
82
19
18
15
39
13
74
67
27
75
49
56
57
84
81
72
6
8
61
23
82
43
19
87
64
18
44
79
11
76
37
93
94
55
7
33
67
81
100
93
55
48
49
12
31
30
83
37
37
43
59
18
86
78
5
49
95
49
27
6
24
64
98
18
18
4
51
84
84
50
77
39
98
25
51
28
54
33
64
90
76
23
8
61
100
13
9
95
61
36
100
85
99
97
2
16
1
52
100
85
2
76
23
99
1
73
26
54
6
90
44
82
13
52
42
13
64
51
7
24
86
7
8
85
4
10
1
4
61
100
88
63
76
11
61
76
84
94
70
13
18
38
100
29
7
18
99
72
75
19
77
23
78
27
61
25
50
44
52
3
97
8
51
9
19
11
84
3
98
13
92
74
85
62
62
9
74
62
96
36
69
6
84
82
24
16
99
52
49
19
40
81
26
90
89
45
1
73
47
98
86
38
72
71
99
33
79
73
95
74
8
64
80
91
46
4
6
44
55
54
62
94
35
88
84
24
32
84
97
78
82
82
16
53
52
15
86
30
87
80
4
94
44
84
85
89
87
91
32
41
44
93
35
79
81
18
3
12
2
99
90
83
80
6
36
31
20
21
61
7
1
98
38
11
77
43
47
70
68
33
70
11
81
55
43
15
29
6
90
48
63
99
45
99
26
44
47
54
41
85
65
18
28
11
25
91
78
93
50
40
91
39
45
91
89
75
46
81
29
70
81
5
53
79
76
68
17
62
97
9
25
69
88
11
69
18
71
66
58
20
5
48
59
50
39
47
24
84
28
53
82
56
8
89
59
73
22
6
85
8
94
82
59
100
5
21
30
20
60
54
93
45
2
95
85
56
80
23
29
77
65
11
33
73
100
91
45
21
97
30
29
91
11
87
90
16
8
20
35
68
73
28
12
75
23
97
30
3
19
59
79
83
70
11
55
69
2
100
90
99
30
18
89
40
5
79
33
40
14
14
55
78
43
87
24
30
52
75
96
10
89
43
52
90
6
100
50
31
55
93
54
25
1
76
84
98
97
66
93
95
55
71
65
73
62
9
12
48
82
53
52
14
73
40
15
4
81
85
36
23
44
67
93
20
86
3
1
82
69
94
77
24
65
41
96
26
49
7
73
31
60
25
45
32
64
60
36
45
44
72
67
88
38
60
7
23
63
8
5
31
1
81
54
65
22
49
91
71
55
63
1
14
87
46
46
51
5
81
95
49
53
61
36
90
21
43
13
83
51
17
13
52
98
67
17
20
15
7
90
70
70
91
83
56
36
29
7
41
10
1
90
62
62
26
24
87
75
4
58
32
54
9
95
77
17
1
37
66
36
77
10
79
78
2
48
98
34
92
60
49
61
35
69
44
76
93
31
50
96
88
81
50
97
76
27
14
77
64
79
12
40
89
91
17
91
38
15
25
30
74
73
91
8
42
34
83
34
65
33
30
52
14
80
49
89
6
62
65
69
41
77
9
30
67
25
20
5
39
45
35
13
17
25
20
59
59
3
93
23
35
22
75
48
2
23
36
7
84
100
76
11
37
7
49
59
12
35
68
71
9
87
38
19
41
54
73
18
87
34
85
45
44
2
93
69
21
32
35
12
87
44
23
23
51
72
82
62
7
49
33
16
35
71
71
58
24
6
93
11
40
78
85
66
58
93
15
81
3
77
39
65
63
88
72
14
59
54
75
66
2
8
67
25
70
81
6
73
58
44
38
41
82
97
26
35
53
45
88
15
65
52
87
88
95
90
50
49
40
49
13
15
12
68
88
86
55
37
100
33
7
11
73
30
60
31
8
44
12
82
32
94
45
18
81
40
7
31
88
47
79
1
62
91
68
49
76
22
43
94
44
73
82
91
52
82
52
42
50
100
18
72
85
93
26
76
79
53
96
70
11
9
57
5
22
19
30
3
90
26
41
41
74
17
86
30
94
30
100
17
29
31
81
41
90
51
4
36
20
34
6
30
43
62
34
64
81
64
67
70
90
8
11
64
24
96
94
18
25
93
34
54
23
14
95
13
65
98
48
84
32
53
13
75
14
47
39
95
10
5
64
100
13
75
63
37
70
56
54
95
48
87
49
71
1
43
83
65
41
30
49
73
82
61
47
96
7
85
90
17
90
54
16
2
28
79
38
98
34
91
93
82
78
41
52
79
83
34
43
23
64
91
95
45
52
42
41
59
26
31
75
15
85
91
17
13
69
55
10
3
46
2
84
23
43
36
1
25
70
44
48
33
35
43
77
87
84
18
45
10
48
19
24
33
10
41
45
78
95
55
80
40
57
64
62
99
99
63
24
68
7
72
100
42
14
77
28
98
95
72
7
43
91
30
75
100
70
19
78
65
74
57
4
30
21
66
29
20
29
52
87
35
23
87
77
37
64
5
34
58
77
40
1
67
70
75
67
40
94
44
4
68
1
7
97
22
72
25
41
1
77
28
36
100
14
12
36
78
16
69
36
92
8
36
59
78
11
26
17
5
70
20
72
71
27
68
92
98
93
32
98
70
59
33
69
73
45
5
50
60
73
86
52
81
21
11
58
32
36
75
36
5
94
7
75
20
75
67
18
67
99
16
37
57
49
5
30
93
9
80
53
82
65
5
63
86
15
21
17
50
95
52
55
88
58
30
8
32
97
25
99
95
41
35
52
89
40
81
82
49
60
34
31
25
38
93
10
53
13
27
3
7
78
57
95
36
87
2
68
83
27
66
77
68
1
29
56
41
9
37
89
69
71
19
93
9
11
3
61
24
29
63
30
7
20
25
42
6
27
10
89
54
75
66
21
76
94
77
16
2
14
5
71
84
23
64
92
34
67
52
58
95
15
88
2
34
12
44
39
38
53
28
91
28
93
12
4
86
88
19
99
1
23
58
84
13
73
80
40
64
8
33
75
11
19
62
30
6
62
53
64
46
98
85
21
78
73
48
15
55
89
39
39
63
74
66
76
47
46
16
10
53
49
85
63
67
47
93
72
9
45
36
54
43
21
75
20
93
23
35
47
11
74
85
74
47
50
50
94
95
66
4
48
14
88
11
80
34
3
52
43
47
87
96
89
7
71
9
100
93
44
46
4
17
31
78
64
80
27
57
75
93
60
23
6
48
33
86
82
35
37
24
82
24
20
71
31
90
79
30
83
23
75
86
39
5
64
2
85
90
59
60
83
19
82
89
67
15
74
48
49
11
72
31
34
92
1
64
81
80
94
63
2
69
49
40
74
12
42
58
2
100
18
84
19
100
73
85
14
46
33
63
56
4
93
90
95
93
54
76
72
47
39
73
15
87
13
88
99
55
46
1
54
64
84
73
63
57
57
77
2
89
39
58
93
31
48
88
24
1
63
95
48
1
68
63
88
81
51
87
35
97
87
89
60
71
61
23
27
18
99
28
6
37
86
99
68
33
86
91
34
48
86
82
49
53
44
37
34
95
23
68
91
9
57
51
79
18
73
6
35
72
34
41
9
19
39
76
52
24
67
85
72
52
67
20
5
10
56
38
5
78
6
95
87
62
45
66
79
18
71
14
89
4
54
97
22
92
73
74
15
39
58
86
90
25
6
94
35
61
32
39
39
37
33
25
99
78
91
78
96
61
92
84
64
45
81
86
36
53
59
51
91
17
37
80
41
42
74
75
3
5
13
42
42
46
67
41
24
57
19
19
17
10
3
81
54
83
66
90
35
25
40
26
41
77
6
82
18
79
56
21
84
69
62
26
15
28
66
38
84
85
57
1
94
59
81
48
41
47
37
76
72
77
2
12
53
7
94
71
85
49
92
69
18
53
94
32
80
59
69
64
43
25
64
37
84
45
84
25
92
21
1
63
97
2
75
50
8
68
21
93
17
12
61
34
65
54
66
45
12
34
9
55
59
73
92
42
17
76
67
9
96
67
71
93
68
46
43
75
13
64
67
29
75
27
63
40
80
28
84
92
62
92
47
21
64
39
63
81
14
29
89
9
95
60
2
63
5
44
37
18
7
4
47
82
31
9
21
11
37
5
3
99
97
50
19
61
88
81
42
1
10
31
10
4
90
11
66
95
54
3
12
61
7
58
42
38
67
63
48
3
68
51
2
64
100
20
25
87
1
66
88
10
96
97
13
86
8
79
81
62
82
92
22
89
50
64
26
16
27
74
19
94
24
20
58
24
40
82
11
40
48
98
49
44
95
62
30
3
41
10
64
22
2
86
10
51
49
36
66
75
9
85
69
33
5
27
56
44
8
67
83
56
64
31
100
59
93
29
61
33
38
25
54
39
10
64
90
58
100
56
33
8
40
2
41
44
28
97
87
36
63
70
91
27
1
90
85
93
19
46
25
57
70
79
96
79
42
85
37
42
40
70
49
80
72
90
23
99
86
10
35
48
80
26
75
80
16
59
73
34
5
97
90
75
76
86
54
18
70
91
59
10
61
8
89
32
97
12
31
83
22
65
30
1
90
5
81
6
64
53
39
68
50
29
43
25
14
96
42
84
86
100
93
46
7
82
78
3
93
8
85
14
73
15
15
63
19
95
68
82
48
7
50
97
36
92
21
50
87
62
33
73
61
26
19
67
8
96
70
100
4
55
14
77
69
29
39
88
23
7
70
70
14
19
67
49
11
87
99
98
48
32
70
9
58
89
76
65
85
45
64
88
99
78
65
68
6
4
56
29
10
25
99
24
44
65
73
54
51
71
51
99
3
21
7
60
9
82
24
93
27
88
81
26
66
45
94
71
48
49
100
58
74
98
81
18
63
54
71
14
24
22
12
26
43
19
86
51
1
9
44
27
97
24
53
62
69
46
33
16
95
32
74
69
30
55
86
92
8
57
6
31
78
17
57
20
35
43
71
36
52
14
62
48
38
15
10
7
61
43
22
55
75
96
23
4
15
16
60
55
73
56
14
93
53
70
26
45
51
71
17
56
16
71
66
39
97
77
9
91
3
6
13
16
26
67
67
40
82
26
95
55
82
8
47
34
78
72
79
29
43
95
84
58
65
50
97
62
26
5
53
29
10
65
44
35
32
11
75
14
37
69
68
18
77
14
52
54
86
30
82
28
24
66
86
89
16
82
51
42
86
3
70
95
68
14
30
99
24
4
12
60
73
79
77
49
93
29
2
79
58
84
7
82
50
92
70
66
74
21
7
60
23
76
55
90
89
84
89
13
88
100
72
60
79
49
8
72
77
10
51
35
94
57
16
43
49
86
9
22
6
15
82
28
91
36
18
80
19
6
92
6
6
64
65
84
13
73
56
90
82
6
24
75
62
39
18
11
24
27
32
30
41
13
58
32
48
75
11
67
81
3
73
86
66
37
70
79
10
25
68
91
31
92
66
92
30
84
2
54
10
34
84
51
47
41
82
95
16
93
61
96
95
33
82
61
70
52
40
79
76
7
70
6
99
36
98
29
19
100
82
28
33
66
78
80
6
60
74
21
52
35
17
47
68
98
8
38
50
47
17
26
54
87
31
52
22
29
80
40
28
62
68
61
27
46
41
32
5
14
53
57
49
69
4
17
67
11
54
16
58
71
41
11
57
72
63
78
1
42
18
29
3
85
89
30
30
30
62
35
44
14
91
92
83
94
9
50
5
63
66
63
33
6
73
90
78
35
67
79
77
85
7
80
70
96
9
99
25
70
34
68
84
24
60
66
18
68
15
23
30
80
85
62
86
58
52
64
93
18
42
69
3
48
49
72
44
58
71
68
27
4
35
10
28
95
76
46
62
91
69
91
70
53
53
56
11
5
19
3
23
61
72
25
9
20
96
52
77
67
19
4
70
54
14
98
48
89
43
10
80
11
1
50
64
54
5
74
58
24
77
80
85
48
4
93
68
100
44
45
66
63
49
36
17
62
34
65
51
77
74
30
87
75
79
51
28
84
25
86
8
1
65
92
48
69
84
16
68
28
61
34
91
9
70
7
70
4
72
21
80
46
51
67
20
30
17
48
13
41
33
20
42
97
11
90
65
95
5
33
22
65
67
12
73
37
19
43
40
90
64
20
35
15
86
54
44
3
2
57
43
34
77
84
30
88
73
95
82
78
28
4
43
95
16
16
32
34
59
72
24
22
91
58
37
76
12
80
78
13
37
21
47
13
5
77
100
78
71
82
55
99
85
98
94
1
13
26
34
71
97
57
93
87
15
29
63
27
9
41
40
45
61
86
58
66
62
58
43
33
39
98
32
24
95
25
24
7
50
58
78
46
15
70
33
30
99
96
56
7
36
95
52
96
80
9
62
42
66
4
74
5
1
5
29
96
30
53
2
79
10
80
25
25
50
58
54
48
53
10
55
88
4
7
84
84
16
45
26
81
49
99
86
49
3
14
45
33
66
47
11
76
26
36
1
75
93
54
23
46
63
77
34
67
84
17
51
99
62
76
80
10
75
65
59
77
79
3
10
45
49
20
20
74
56
21
49
49
74
71
94
37
48
27
4
32
44
54
30
6
30
9
15
4
74
74
81
52
76
90
96
25
10
16
99
65
36
47
14
10
18
8
46
66
35
50
97
78
3
26
84
32
35
98
36
8
71
16
60
47
5
55
72
14
71
70
79
7
17
93
17
34
100
62
100
34
12
96
12
14
22
95
46
56
93
81
64
64
96
23
10
1
78
81
15
48
51
93
55
67
85
71
1
85
33
100
18
44
96
30
58
18
24
3
73
16
84
37
80
80
59
89
80
36
70
94
84
21
87
39
87
72
9
87
56
42
87
73
85
82
3
43
100
26
45
72
42
29
9
21
8
67
10
88
3
80
82
87
100
68
25
86
39
33
73
95
75
60
67
59
42
69
1
41
95
46
13
37
75
21
57
82
88
67
69
90
46
51
76
45
18
100
31
57
33
4
51
7
63
18
66
5
87
67
45
81
12
57
17
86
77
74
68
65
41
37
54
86
87
30
31
5
30
62
61
62
66
11
69
28
28
35
32
14
1
77
95
13
33
12
98
10
86
66
74
26
2
28
12
89
57
42
93
86
4
53
48
69
64
17
97
91
51
29
5
51
5
99
63
38
11
61
47
96
26
21
21
28
48
32
16
5
74
9
91
77
61
38
46
25
54
42
15
4
70
20
55
74
19
17
12
29
78
58
25
3
79
46
31
27
77
47
31
51
55
22
28
16
59
73
40
13
14
55
17
84
74
71
58
92
88
69
21
65
27
45
68
5
90
98
32
67
45
63
17
99
84
45
15
43
17
54
55
31
9
71
15
82
42
72
74
29
40
94
94
66
38
61
71
28
59
2
94
3
64
11
2
47
55
16
89
72
70
44
3
78
15
17
59
56
88
32
85
28
26
79
93
63
40
63
90
98
65
84
1
28
94
2
75
49
18
64
20
87
8
23
64
22
39
22
78
27
54
63
54
79
41
47
42
81
10
32
78
74
16
79
1
9
81
76
57
98
40
77
84
47
100
47
68
38
69
46
65
23
8
19
2
49
65
44
29
74
76
7
47
91
85
48
99
66
24
56
63
63
33
46
9
32
93
77
70
61
23
34
84
31
53
85
79
17
28
8
91
4
15
38
94
100
85
93
65
9
49
27
71
81
72
80
13
64
57
82
25
79
16
8
9
69
93
88
85
21
96
76
24
10
13
17
9
98
9
73
6
58
100
77
38
71
56
51
35
12
33
60
91
48
68
100
16
60
88
1
80
83
77
3
93
89
20
1
87
29
74
92
86
73
68
24
44
24
74
79
36
6
38
27
54
6
26
70
65
13
70
45
96
46
48
88
35
67
89
21
95
62
13
81
35
81
4
78
5
77
57
40
83
95
66
36
100
92
5
65
5
75
9
100
21
56
87
55
22
75
76
17
37
88
97
71
69
1
49
73
78
6
12
60
100
78
95
100
69
99
64
74
73
72
73
93
27
60
48
49
35
23
66
72
11
63
43
80
63
91
52
40
97
64
100
97
42
94
96
11
93
59
84
66
31
57
59
58
16
6
6
51
29
72
22
40
34
64
19
97
55
71
37
51
35
36
47
76
29
42
86
22
1
70
87
31
26
45
88
42
51
94
92
80
65
14
20
99
77
39
95
32
9
31
82
44
66
29
19
95
71
5
16
72
75
2
2
100
47
90
42
98
84
33
78
48
47
97
46
24
35
41
55
44
71
37
87
37
65
6
31
36
11
46
7
85
48
9
85
95
98
26
93
81
59
70
29
5
66
75
28
1
15
82
44
86
18
31
22
83
37
53
19
47
99
25
32
47
33
16
42
31
42
34
12
100
3
40
4
68
15
32
69
30
14
13
16
32
43
38
15
80
90
33
27
89
57
58
35
90
74
76
20
15
9
31
14
12
71
18
80
85
50
48
15
63
60
30
94
3
67
8
82
56
41
8
44
97
65
79
86
39
55
5
53
63
36
67
75
6
85
54
91
35
1
5
97
61
34
91
63
1
99
44
57
39
52
100
36
17
79
21
55
33
26
8
96
62
74
70
68
59
23
58
93
24
63
90
84
97
81
46
97
79
90
53
18
41
53
53
57
31
74
11
64
100
19
59
61
92
28
28
51
51
86
43
74
48
32
57
45
12
2
41
91
91
94
9
32
47
62
88
77
35
99
41
35
17
99
96
9
27
24
59
77
9
2
51
57
34
7
2
46
9
43
36
100
36
45
31
82
6
19
59
41
18
99
75
34
98
70
43
24
94
1
1
2
2
52
59
36
58
60
81
67
2
16
67
38
60
98
20
66
16
78
6
33
77
80
67
74
50
9
98
43
9
98
45
11
49
4
46
7
64
26
74
66
42
40
3
2
37
22
67
52
100
72
85
76
52
51
49
2
60
46
44
69
44
89
79
93
92
25
100
56
51
73
21
93
12
23
95
49
45
62
1
44
33
85
20
85
36
68
86
95
14
30
63
58
18
42
50
10
67
50
65
18
22
86
10
34
9
4
82
53
65
82
97
98
66
16
83
2
84
68
97
98
98
59
56
16
1
6
25
68
55
90
85
76
75
94
9
83
98
90
36
62
71
33
60
37
49
42
39
32
10
35
30
8
94
85
23
94
90
48
62
45
38
46
20
12
39
29
95
37
18
31
99
89
63
58
26
11
100
64
43
10
99
73
17
92
58
39
86
47
87
47
91
24
92
11
36
31
39
31
67
57
61
65
46
24
23
72
34
23
36
77
32
34
49
48
26
6
87
11
53
74
58
44
97
49
55
32
80
93
63
47
50
23
12
95
46
34
67
80
57
2
57
88
35
6
36
60
11
23
71
64
96
28
8
93
77
62
24
56
55
86
3
4
9
14
99
55
48
65
35
4
66
91
91
1
96
27
60
7
49
31
70
45
58
78
37
34
39
61
90
93
47
92
97
55
5
95
10
52
60
44
55
25
35
46
26
31
73
86
38
21
16
7
66
73
85
2
7
23
63
96
15
9
87
11
64
91
6
73
43
65
17
98
90
52
44
15
83
16
100
20
37
15
27
2
87
11
4
93
33
66
89
48
75
75
58
38
66
64
11
9
28
27
6
17
79
50
31
61
65
30
80
2
44
6
4
31
16
8
24
48
73
12
95
47
87
53
85
52
16
95
61
43
22
67
60
100
16
90
61
81
20
40
83
64
46
86
94
62
93
18
9
66
30
4
13
16
57
97
68
73
92
29
16
13
95
75
13
10
65
74
91
84
14
73
47
59
59
41
20
52
58
29
17
88
33
29
4
90
26
71
62
17
99
77
30
94
51
43
4
16
16
94
99
29
67
45
87
25
86
7
76
44
36
93
31
68
22
34
58
47
5
19
64
4
95
94
97
46
36
100
61
51
94
60
80
60
5
67
85
90
73
61
33
9
53
64
77
74
97
34
21
1
52
85
4
47
78
1
93
14
100
54
65
93
13
44
53
17
10
37
7
83
97
40
92
49
3
68
23
99
1
44
100
53
28
4
99
6
4
91
19
4
45
83
97
57
27
49
74
37
86
81
19
82
20
10
31
22
78
54
21
78
97
21
30
24
24
29
29
28
20
48
32
64
30
28
21
56
77
95
92
62
75
11
44
95
21
74
16
98
28
37
76
24
57
5
47
81
33
76
9
52
23
41
16
53
68
36
8
45
30
100
6
5
11
50
99
32
24
15
29
51
51
4
74
8
9
21
89
42
96
98
93
18
38
8
70
5
44
78
50
74
78
56
78
89
5
76
20
28
91
49
11
98
1
94
86
67
17
78
14
7
86
32
26
41
75
93
21
34
47
22
65
30
74
79
12
18
6
84
88
66
24
93
48
90
8
19
19
55
43
68
81
3
90
38
91
17
81
12
8
59
15
9
13
62
50
79
97
52
50
90
52
60
99
55
49
18
35
22
98
86
78
81
40
68
19
30
84
100
41
91
58
56
100
71
18
50
50
14
2
99
4
53
59
2
8
7
19
42
29
17
28
6
98
67
74
16
96
57
16
37
48
73
93
48
44
10
98
94
24
99
92
27
51
51
29
58
58
48
100
86
64
27
92
62
93
65
78
88
22
93
25
70
66
18
18
10
27
15
3
51
13
94
78
63
44
6
20
1
53
19
87
17
45
78
78
38
43
55
26
64
48
50
34
13
67
51
22
94
65
24
45
78
18
22
40
61
28
60
62
80
79
49
97
23
27
74
60
69
29
85
33
76
35
66
89
2
17
10
96
82
34
40
59
51
61
99
12
88
58
74
68
36
22
64
59
48
38
19
17
67
4
49
43
38
15
31
40
31
41
35
13
74
74
71
25
35
69
37
22
27
10
90
62
32
54
21
80
91
39
96
58
42
44
100
80
58
31
19
89
71
53
1
45
27
72
70
61
41
6

